2 
Image/stage1Map.bmp 
Image/_stage2Map.bmp 
Image/stage3Map.bmp 

3 3 3 -50 -70 -100 0
3 3 2 650 300 70 -100 
3 2 1 650 100 100 0 

5 3 2 -50 100 -100 -60 
5 3 1 650 200 70 30 
5 3 3 650 10 70 20 

8 3 4 -50 100 -100 100 
8 3 5 650 0 70 30 
8 3 2 650 200 100 30 

11 2 5 -50 -50 70 50 
11 4 4 650 150 90 30 
11 3 4 -50 100 -100 70 

15 2 1 650 100 70 30 
15 3 3 -50 50 -70 30 
15 3 1 -50 100 -90 -40 

20 3 2 650 200 100 50 
20 3 4 -50 50 -70 30 
20 3 2 -50 50 -70 70 

23 4 4 650 80 70 -40 
23 3 2 650 80 70 30 
24 3 5 650 80 70 30 

28 3 3 650 30 80 40 
28 2 3 650 30 70 50 
28 3 2 -50 80 -70 30 

32 2 5 650 80 70 -50 
32 2 1 -50 150 -70 30 
32 3 4 650 150 70 30 

35 1 1 250 200 70 30 
35 1 3 250 200 70 30 
35 1 2 250 200 70 30 




// 맨위는 maxstage의 값에서 -1 해준 값입력 
// 그다음 부터는 순차적으로   
enemyWaveSet1[maxstage][7];
enemyWaveSet2[maxstage][7];
enemyWaveSet3[maxstage][7] ;
enemyWaveSet4[maxstage][7];
enemyWaveSet5[maxstage][7];  이며 7 개는 각각 출력시점(초)/ 출력될 몬스터 갯수/ 몬스터 타입/첫 몬스터의 좌표 x / y/ 몬스터 간 간격 x / y 
